Prepared by: Anasuya Sikdar
Payment Number, Payment, Interest, Principal, Balance, Total Interest
 1,1225.63,687.50,538.13,149461.87,687.50
 2,1225.63,685.03,540.59,148921.28,1372.53
 3,1225.63,682.56,543.07,148378.21,2055.09
 4,1225.63,680.07,545.56,147832.66,2735.16
 5,1225.63,677.57,548.06,147284.60,3412.72
 6,1225.63,675.05,550.57,146734.03,4087.78
 7,1225.63,672.53,553.09,146180.93,4760.31
 8,1225.63,670.00,555.63,145625.30,5430.30
 9,1225.63,667.45,558.18,145067.13,6097.75
10,1225.63,664.89,560.73,144506.39,6762.64
11,1225.63,662.32,563.30,143943.09,7424.97
12,1225.63,659.74,565.89,143377.20,8084.70
13,1225.63,657.15,568.48,142808.72,8741.85
14,1225.63,654.54,571.09,142237.64,9396.39
15,1225.63,651.92,573.70,141663.93,10048.31
16,1225.63,649.29,576.33,141087.60,10697.61
17,1225.63,646.65,578.97,140508.63,11344.26
18,1225.63,644.00,581.63,139927.00,11988.25
19,1225.63,641.33,584.29,139342.71,12629.59
20,1225.63,638.65,586.97,138755.74,13268.24
21,1225.63,635.96,589.66,138166.08,13904.20
22,1225.63,633.26,592.36,137573.71,14537.47
23,1225.63,630.55,595.08,136978.63,15168.01
24,1225.63,627.82,597.81,136380.83,15795.83
25,1225.63,625.08,600.55,135780.28,16420.91
26,1225.63,622.33,603.30,135176.98,17043.24
27,1225.63,619.56,606.06,134570.92,17662.80
28,1225.63,616.78,608.84,133962.08,18279.58
29,1225.63,613.99,611.63,133350.44,18893.57
30,1225.63,611.19,614.44,132736.01,19504.76
31,1225.63,608.37,617.25,132118.76,20113.14
32,1225.63,605.54,620.08,131498.67,20718.68
33,1225.63,602.70,622.92,130875.75,21321.38
34,1225.63,599.85,625.78,130249.97,21921.23
35,1225.63,596.98,628.65,129621.33,22518.21
36,1225.63,594.10,631.53,128989.80,23112.31
37,1225.63,591.20,634.42,128355.38,23703.51
38,1225.63,588.30,637.33,127718.05,24291.81
39,1225.63,585.37,640.25,127077.80,24877.18
40,1225.63,582.44,643.19,126434.61,25459.62
41,1225.63,579.49,646.13,125788.48,26039.11
42,1225.63,576.53,649.09,125139.38,26615.64
43,1225.63,573.56,652.07,124487.31,27189.20
44,1225.63,570.57,655.06,123832.26,27759.76
45,1225.63,567.56,658.06,123174.20,28327.33
46,1225.63,564.55,661.08,122513.12,28891.88
47,1225.63,561.52,664.11,121849.01,29453.40
48,1225.63,558.47,667.15,121181.86,30011.87
49,1225.63,555.42,670.21,120511.65,30567.29
50,1225.63,552.35,673.28,119838.37,31119.63
51,1225.63,549.26,676.37,119162.01,31668.89
52,1225.63,546.16,679.47,118482.54,32215.05
53,1225.63,543.04,682.58,117799.96,32758.10
54,1225.63,539.92,685.71,117114.25,33298.01
55,1225.63,536.77,688.85,116425.40,33834.79
56,1225.63,533.62,692.01,115733.39,34368.40
57,1225.63,530.44,695.18,115038.21,34898.85
58,1225.63,527.26,698.37,114339.85,35426.11
59,1225.63,524.06,701.57,113638.28,35950.16
60,1225.63,520.84,704.78,112933.49,36471.01
61,1225.63,517.61,708.01,112225.48,36988.62
62,1225.63,514.37,711.26,111514.22,37502.98
63,1225.63,511.11,714.52,110799.70,38014.09
64,1225.63,507.83,717.79,110081.91,38521.92
65,1225.63,504.54,721.08,109360.83,39026.47
66,1225.63,501.24,724.39,108636.44,39527.70
67,1225.63,497.92,727.71,107908.73,40025.62
68,1225.63,494.58,731.04,107177.69,40520.20
69,1225.63,491.23,734.39,106443.29,41011.43
70,1225.63,487.87,737.76,105705.53,41499.30
71,1225.63,484.48,741.14,104964.39,41983.78
72,1225.63,481.09,744.54,104219.85,42464.87
73,1225.63,477.67,747.95,103471.90,42942.54
74,1225.63,474.25,751.38,102720.52,43416.79
75,1225.63,470.80,754.82,101965.70,43887.59
76,1225.63,467.34,758.28,101207.42,44354.93
77,1225.63,463.87,761.76,100445.66,44818.80
78,1225.63,460.38,765.25,99680.41,45279.18
79,1225.63,456.87,768.76,98911.66,45736.05
80,1225.63,453.35,772.28,98139.38,46189.39
81,1225.63,449.81,775.82,97363.56,46639.20
82,1225.63,446.25,779.38,96584.18,47085.45
83,1225.63,442.68,782.95,95801.23,47528.12
84,1225.63,439.09,786.54,95014.70,47967.21
85,1225.63,435.48,790.14,94224.56,48402.70
86,1225.63,431.86,793.76,93430.79,48834.56
87,1225.63,428.22,797.40,92633.39,49262.78
88,1225.63,424.57,801.06,91832.34,49687.35
89,1225.63,420.90,804.73,91027.61,50108.25
90,1225.63,417.21,808.42,90219.19,50525.46
91,1225.63,413.50,812.12,89407.07,50938.97
92,1225.63,409.78,815.84,88591.23,51348.75
93,1225.63,406.04,819.58,87771.65,51754.79
94,1225.63,402.29,823.34,86948.31,52157.08
95,1225.63,398.51,827.11,86121.20,52555.59
96,1225.63,394.72,830.90,85290.30,52950.31
97,1225.63,390.91,834.71,84455.58,53341.23
98,1225.63,387.09,838.54,83617.05,53728.31
99,1225.63,383.24,842.38,82774.67,54111.56
100,1225.63,379.38,846.24,81928.43,54490.94
101,1225.63,375.51,850.12,81078.31,54866.45
102,1225.63,371.61,854.02,80224.29,55238.06
103,1225.63,367.69,857.93,79366.36,55605.75
104,1225.63,363.76,861.86,78504.50,55969.51
105,1225.63,359.81,865.81,77638.68,56329.33
106,1225.63,355.84,869.78,76768.90,56685.17
107,1225.63,351.86,873.77,75895.13,57037.03
108,1225.63,347.85,877.77,75017.36,57384.88
109,1225.63,343.83,881.80,74135.57,57728.71
110,1225.63,339.79,885.84,73249.73,58068.50
111,1225.63,335.73,889.90,72359.83,58404.23
112,1225.63,331.65,893.98,71465.86,58735.88
113,1225.63,327.55,898.07,70567.78,59063.43
114,1225.63,323.44,902.19,69665.59,59386.86
115,1225.63,319.30,906.32,68759.27,59706.16
116,1225.63,315.15,910.48,67848.79,60021.31
117,1225.63,310.97,914.65,66934.14,60332.28
118,1225.63,306.78,918.84,66015.29,60639.07
119,1225.63,302.57,923.06,65092.24,60941.64
120,1225.63,298.34,927.29,64164.95,61239.98
121,1225.63,294.09,931.54,63233.42,61534.06
122,1225.63,289.82,935.81,62297.61,61823.88
123,1225.63,285.53,940.09,61357.52,62109.42
124,1225.63,281.22,944.40,60413.11,62390.64
125,1225.63,276.89,948.73,59464.38,62667.53
126,1225.63,272.55,953.08,58511.30,62940.08
127,1225.63,268.18,957.45,57553.85,63208.25
128,1225.63,263.79,961.84,56592.02,63472.04
129,1225.63,259.38,966.25,55625.77,63731.42
130,1225.63,254.95,970.67,54655.10,63986.37
131,1225.63,250.50,975.12,53679.98,64236.88
132,1225.63,246.03,979.59,52700.38,64482.91
133,1225.63,241.54,984.08,51716.30,64724.45
134,1225.63,237.03,988.59,50727.71,64961.48
135,1225.63,232.50,993.12,49734.59,65193.99
136,1225.63,227.95,997.67,48736.91,65421.94
137,1225.63,223.38,1002.25,47734.66,65645.31
138,1225.63,218.78,1006.84,46727.82,65864.10
139,1225.63,214.17,1011.46,45716.37,66078.27
140,1225.63,209.53,1016.09,44700.28,66287.80
141,1225.63,204.88,1020.75,43679.53,66492.68
142,1225.63,200.20,1025.43,42654.10,66692.88
143,1225.63,195.50,1030.13,41623.97,66888.37
144,1225.63,190.78,1034.85,40589.12,67079.15
145,1225.63,186.03,1039.59,39549.53,67265.18
146,1225.63,181.27,1044.36,38505.18,67446.45
147,1225.63,176.48,1049.14,37456.03,67622.93
148,1225.63,171.67,1053.95,36402.08,67794.61
149,1225.63,166.84,1058.78,35343.30,67961.45
150,1225.63,161.99,1063.64,34279.66,68123.44
151,1225.63,157.12,1068.51,33211.15,68280.56
152,1225.63,152.22,1073.41,32137.75,68432.77
153,1225.63,147.30,1078.33,31059.42,68580.07
154,1225.63,142.36,1083.27,29976.15,68722.43
155,1225.63,137.39,1088.23,28887.91,68859.82
156,1225.63,132.40,1093.22,27794.69,68992.22
157,1225.63,127.39,1098.23,26696.46,69119.61
158,1225.63,122.36,1103.27,25593.19,69241.97
159,1225.63,117.30,1108.32,24484.87,69359.27
160,1225.63,112.22,1113.40,23371.47,69471.50
161,1225.63,107.12,1118.51,22252.96,69578.62
162,1225.63,101.99,1123.63,21129.33,69680.61
163,1225.63,96.84,1128.78,20000.55,69777.45
164,1225.63,91.67,1133.96,18866.59,69869.12
165,1225.63,86.47,1139.15,17727.44,69955.59
166,1225.63,81.25,1144.37,16583.06,70036.84
167,1225.63,76.01,1149.62,15433.44,70112.85
168,1225.63,70.74,1154.89,14278.55,70183.58
169,1225.63,65.44,1160.18,13118.37,70249.03
170,1225.63,60.13,1165.50,11952.87,70309.15
171,1225.63,54.78,1170.84,10782.03,70363.94
172,1225.63,49.42,1176.21,9605.82,70413.36
173,1225.63,44.03,1181.60,8424.23,70457.38
174,1225.63,38.61,1187.01,7237.21,70495.99
175,1225.63,33.17,1192.45,6044.76,70529.16
176,1225.63,27.71,1197.92,4846.84,70556.87
177,1225.63,22.21,1203.41,3643.43,70579.08
178,1225.63,16.70,1208.93,2434.50,70595.78
179,1225.63,11.16,1214.47,1220.03,70606.94
180,1225.63,5.59,1220.03,0.00,70612.53
